http://sira.arpat.toscana.it/hypercubicgi/view.py?indexpage;byUrlCall;F1=CODICEISTAT&F2=INDIRIZZO&F3=LOCALITA&isCube=0&oF1=%3D&&tit=S.I.R.A.+HyperCubi&vn=STRADE&wF1=__CODICE_ISTAT_&outF=xml
http://sira.arpat.toscana.it/hypercubicgi/view.py?indexpage;byUrlCall;F1=CODICEISTAT&F2=INDIRIZZO&F3=LOCALITA&isCube=0&oF1=%3D&&tit=S.I.R.A.+HyperCubi&vn=STRADE&wF1=__CODICE_ISTAT_&outF=csv


051001
051002
051003
051004
051005
051006
051007
051008
051010
051009
051011
051012
051013
051014
051015
051016
051017
051018
051019
051020
051021
051022
051025
051023
051024
051026
051027
051028
051029
051030
051031
051032
051033
051034
051035
051036
051037
051038
051039
048001
048002
048003
048004
048005
048006
048008
048010
048011
048012
048013
048014
048015
048016
048017
048018
048019
048020
048021
048022
048023
048024
048025
048026
048027
048028
048030
048031
048032
048033
048035
048036
048037
048038
048039
048040
048041
048042
048043
048044
048045
048046
048049
048050
053001
053002
053003
053004
053005
053006
053007
053008
053009
053010
053011
053012
053013
053014
053015
053016
053027
053017
053018
053019
053020
053021
053022
053023
053024
053025
053028
053026
049001
049002
049003
049004
049005
049006
049007
049008
049009
049010
049011
049012
049013
049014
049015
049016
049017
049018
049019
049020
046001
046002
046003
046004
046005
046006
046007
046008
046009
046010
046011
046012
046013
046014
046015
046016
046017
046018
046019
046020
046021
046022
046023
046024
046025
046026
046027
046028
046029
046030
046031
046032
046033
046034
046035
045001
045002
045003
045004
045005
045006
045007
045008
045009
045010
045011
045012
045013
045014
045015
045016
045017
050001
050002
050003
050004
050005
050006
050007
050008
050009
050010
050011
050012
050013
050014
050015
050016
050017
050018
050019
050020
050021
050022
050023
050024
050025
050026
050027
050028
050029
050030
050031
050032
050033
050034
050035
050036
050037
050038
050039
047001
047002
047003
047022
047004
047005
047006
047007
047008
047009
047010
047011
047012
047013
047014
047015
047016
047017
047018
047019
047020
047021
100001
100002
100003
100004
100005
100006
100007
052001
052002
052003
052004
052005
052006
052007
052008
052009
052010
052011
052012
052013
052014
052015
052016
052017
052018
052019
052020
052021
052022
052023
052024
052025
052026
052027
052028
052029
052030
052031
052032
052033
052034
052035
052036
